1 2 3
2 5 4
5 117 2
117 12 2
12 15 3
15 20 3
20 22 2
22 28 2
28 30 4
30 32 2
32 40 2
40 48 2
48 59 2
59 74 2
74 85 2
85 89 2
89 91 2
91 93 2
93 94 1
8 7 4
7 10 2
10 14 3
14 21 4
21 23 3
23 25 2
25 29 3
29 30 5
30 33 2
33 55 3
55 86 2
86 90 3
90 112 2
112 113 2
113 114 2
114 115 2
115 116 2
90 92 2
92 95 2
95 96 2
96 97 3
97 98 3
98 99 1
99 100 2
100 101 1
101 102 1
102 103 1
103 104 1
3 4 2
4 6 2
6 9 2
9 11 2
11 13 3
13 16 2
16 18 2
18 26 2
26 28 1
28 27 1
27 24 1
17 19 16
19 20 8
20 22 1
22 27 2
27 29 2
29 31 2
31 34 2
34 37 2
37 49 2
49 57 1
57 64 2
64 71 3
71 76 1
76 79 2
79 80 2
80 81 2
81 84 1
84 87 1
87 88 1
37 47 3
47 43 2
43 42 3
42 41 2
41 39 1
39 118 5
118 35 2
35 36 3
36 38 4
38 44 1
44 46 1
46 45 3
45 54 2
54 61 2
61 65 1
65 119 2
119 68 1
68 63 2
43 50 3
50 51 1
51 53 1
53 56 1
56 58 2
58 62 2
62 66 1
66 67 2
67 69 1
69 70 1
70 72 1
72 73 1
73 75 3
43 52 3
52 60 1
60 82 2
82 83 2
83 77 3
77 78 3
78 105 3
105 106 17
106 107 2
107 108 2
108 109 2
109 110 3
110 111 1
